line
40 0 0 460 0 0
line
40 0 0 40 150 0
line
40 150 0 460 150 0
line
460 150 0 460 0 0

line
40 0 0 40 0 210
line
460 0 0 460 0 210
line
40 150 0 40 150 210
line
460 150 0 460 150 210

line
40 0 210 460 0 210
line
40 0 210 40 150 210
line
40 150 210 460 150 210
line
460 150 210 460 0 210


line
100 150 0 400 150 0
line
100 150 0 100 275 0
line
100 275 0 400 275 0
line
400 275 0 400 150 0

line
100 150 0 100 150 210
line
400 150 0 400 150 210
line
100 275 0 100 275 210
line
400 275 0 400 275 210

line
100 150 210 400 150 210
line
100 150 210 100 275 210
line
100 275 210 400 275 210
line
400 275 210 400 150 210


line
160 275 0 340 275 0
line
160 275 0 160 375 0
line
160 375 0 340 375 0
line
340 375 0 340 275 0

line
160 275 0 160 275 210
line
340 275 0 340 275 210
line
160 375 0 160 375 210
line
340 375 0 340 375 210

line
160 275 210 340 275 210
line
160 275 210 160 375 210
line
160 375 210 340 375 210
line
340 375 210 340 275 210
display

ident
rotate
z 20
rotate
x 20
rotate
y 20
apply
display

ident
move
-5 60 0
apply
display

save
pic.png
